100 100 10000 80 10
0 1 1
1 2 4
2 3 3
3 4 8
4 5 6
5 6 2
6 7 6
7 8 8
8 9 2
9 10 5
10 11 2
11 12 6
12 13 2
13 14 6
14 15 7
15 16 8
16 17 5
17 18 4
18 19 4
19 20 7
20 21 9
21 22 2
22 23 5
23 24 3
24 25 3
25 26 2
26 27 2
27 28 8
28 29 3
29 30 3
30 31 7
31 32 5
32 33 5
33 34 5
34 35 10
35 36 3
36 37 9
37 38 4
38 39 10
39 40 10
40 41 8
41 42 1
42 43 5
43 44 3
44 45 3
45 46 10
46 47 8
47 48 6
48 49 5
49 50 4
50 51 8
51 52 1
52 53 2
53 54 2
54 55 8
55 56 10
56 57 2
57 58 3
58 59 5
59 60 9
60 61 6
61 62 9
62 63 3
63 64 7
64 65 7
65 66 4
66 67 9
67 68 1
68 69 6
69 70 2
70 71 4
71 72 2
72 73 4
73 74 9
74 75 4
75 76 5
76 77 3
77 78 7
78 79 6
79 80 8
80 81 5
81 82 1
82 83 9
83 84 3
84 85 6
85 86 6
86 87 7
87 88 5
88 89 8
89 90 5
90 91 4
91 92 10
92 93 4
93 94 2
94 95 9
95 96 4
96 97 9
97 98 6
98 99 3
99 0 4
49 56
5 78
27 14
56 89
10 83
16 70
69 77
97 3
15 58
53 52
65 13
78 12
42 54
36 12
53 84
59 20
25 97
37 97
57 34
36 40
94 2
90 52
85 69
71 15
44 20
77 27
7 37
44 91
16 28
27 38
93 96
96 22
90 66
17 92
48 49
74 58
79 41
7 46
10 80
34 10
78 52
8 44
51 45
25 52
40 54
90 64
5 95
77 46
45 97
94 50
14 80
38 83
26 63
11 27
6 49
34 96
24 39
3 9
90 77
92 58
91 87
89 52
39 44
89 6
5 84
73 76
68 31
62 30
43 75
61 23
43 72
60 51
96 10
80 41
60 65
46 38
62 89
62 54
74 82
16 11
30 70
83 57
69 15
29 9
65 1
0 51
79 9
39 9
26 3
88 38
35 65
21 72
17 59
76 36
13 80
85 32
61 32
22 50
0 85
43 83
92 58
10 93
37 13
41 79
35 73
78 93
91 44
64 89
61 90
31 7
77 38
18 36
67 25
37 82
45 14
17 7
75 19
58 51
40 21
89 41
13 2
6 51
23 32
45 19
10 33
69 60
98 95
41 86
63 13
3 61
76 23
35 55
25 36
80 39
88 69
32 43
72 44
80 5
34 70
67 68
95 72
24 66
77 87
23 68
23 78
30 36
28 26
32 6
56 20
20 96
5 83
87 65
60 5
72 28
86 2
49 54
36 74
12 47
0 94
4 51
74 67
8 30
83 50
42 4
37 81
50 71
82 52
81 58
20 32
53 95
15 51
31 48
27 82
67 9
47 96
88 26
42 31
91 89
28 27
82 92
43 78
45 20
59 61
29 26
66 34
33 74
69 97
46 97
18 35
72 16
17 93
41 63
82 48
67 89
83 2
22 10
8 87
9 90
10 99
60 22
60 49
70 34
52 33
98 6
93 77
86 28
56 30
99 52
53 22
62 41
51 43
88 97
60 68
66 38
77 99
57 64
95 74
58 48
68 24
99 11
53 55
53 52
50 78
50 46
2 66
10 76
80 49
48 74
85 91
33 44
0 33
6 65
11 31
90 69
18 39
39 89
72 8
81 3
68 0
26 91
66 91
86 30
32 6
0 10
67 51
38 93
11 77
95 72
71 55
86 22
31 59
80 95
90 0
67 89
30 25
35 94
76 45
22 50
0 28
5 0
71 27
72 61
15 10
98 47
2 3
63 11
1 22
26 91
42 65
78 34
67 14
63 27
40 65
25 44
0 60
82 29
25 51
43 98
64 50
72 4
13 19
65 79
86 12
61 73
79 42
55 63
79 55
93 97
70 39
71 20
86 1
41 62
46 75
51 18
85 9
76 64
64 61
45 90
13 52
18 33
69 41
15 44
58 93
40 1
14 79
47 71
91 9
76 54
3 2
4 42
38 87
98 91
10 72
26 59
23 96
34 39
63 20
73 17
84 0
65 47
4 74
12 79
14 92
53 38
40 77
20 75
33 58
59 72
79 6
76 42
78 5
97 87
31 27
7 77
75 60
59 23
0 53
38 41
72 89
95 10
25 64
52 89
37 31
90 83
25 31
93 62
62 27
2 19
22 59
99 15
7 20
89 21
4 75
56 51
1 85
98 2
27 51
18 97
84 27
80 44
94 35
57 13
32 61
89 76
91 88
94 62
34 99
33 29
21 83
82 73
55 30
87 0
32 43
23 83
99 51
22 0
47 26
62 51
94 52
47 46
11 40
49 34
10 73
96 97
17 91
96 25
73 4
16 7
74 10
34 79
14 2
1 68
5 83
76 6
61 49
25 35
70 18
31 14
86 45
55 78
0 66
60 51
1 53
56 95
50 57
27 12
11 42
72 74
22 14
4 58
68 26
27 32
41 34
5 84
58 15
58 76
24 67
23 8
82 34
60 66
83 46
27 22
35 39
67 93
94 5
83 41
29 0
4 88
84 33
65 55
99 71
47 25
22 90
92 83
12 68
0 61
98 9
80 46
92 51
12 28
54 5
90 34
77 5
86 4
20 96
99 70
97 79
57 32
85 57
45 19
98 40
64 94
0 36
4 43
92 7
12 55
24 19
36 32
31 18
70 82
98 51
51 94
35 72
15 19
64 5
19 9
15 87
72 30
37 18
70 44
36 45
14 74
78 82
59 79
63 47
48 44
23 4
83 58
92 40
56 18
16 5
34 53
73 8
89 43
38 55
25 63
65 8
35 14
4 81
17 37
24 3
10 30
20 55
99 85
64 78
53 30
45 7
60 99
87 76
92 50
68 49
31 62
2 33
40 33
60 47
90 7
93 55
50 69
0 48
26 33
3 59
80 90
3 36
23 14
63 73
11 20
49 82
59 67
11 37
61 18
23 42
29 78
83 2
61 24
66 23
5 48
42 35
53 26
24 19
87 10
9 24
56 25
2 89
33 22
95 59
73 24
39 79
8 38
31 98
24 32
92 96
7 29
47 97
93 41
2 3
47 32
37 68
89 93
9 44
53 15
89 12
35 97
30 35
99 26
86 76
49 60
57 60
28 88
12 7
26 6
89 30
22 72
6 16
72 14
87 13
53 32
97 26
60 87
98 87
83 33
77 38
78 35
97 12
12 83
21 37
76 57
8 75
54 90
45 19
46 37
34 72
5 31
19 22
79 99
30 11
56 15
48 91
25 1
73 16
12 86
80 77
19 52
23 38
57 65
19 41
44 45
72 2
9 20
6 77
64 19
30 94
76 25
61 80
66 78
91 67
8 88
48 56
69 18
20 55
52 90
24 91
48 26
74 87
43 25
83 72
99 96
22 24
81 91
5 24
77 34
45 39
33 69
12 71
96 46
95 48
10 97
0 80
27 19
49 85
41 56
75 97
84 95
90 41
52 82
89 77
48 9
80 47
28 45
88 29
23 7
51 64
36 99
47 71
91 5
92 82
41 34
12 64
90 58
86 67
98 53
23 36
10 73
87 28
58 59
92 99
37 80
79 93
49 1
90 9
43 67
24 21
87 84
63 87
39 72
76 93
75 24
57 72
91 84
58 85
40 0
22 71
49 55
50 68
97 30
83 37
94 30
84 72
77 76
94 75
5 16
33 64
98 92
24 26
50 52
87 69
69 73
92 63
20 18
94 20
71 1
87 78
49 37
9 21
87 69
20 25
31 70
5 22
53 85
61 43
4 46
90 44
99 6
91 34
46 70
83 32
72 30
25 96
85 88
16 46
99 23
49 48
61 13
51 88
49 80
73 0
18 35
39 50
96 68
47 69
35 7
9 4
24 35
57 6
29 45
90 7
54 59
72 1
39 89
40 78
78 73
9 77
41 31
81 13
77 3
46 89
2 54
15 87
75 73
96 56
45 47
16 51
95 25
87 17
58 39
91 17
42 14
20 42
66 60
29 2
54 49
8 95
2 10
22 72
68 70
60 70
77 90
87 26
69 87
5 74
37 16
48 5
29 18
33 68
23 96
20 78
48 47
3 78
83 9
60 64
99 26
3 32
82 41
56 20
13 42
53 54
78 48
2 65
75 83
53 99
46 23
82 39
12 31
72 35
21 42
33 32
74 51
72 54
9 0
80 39
90 70
20 73
28 57
13 24
5 57
20 93
61 6
63 10
78 6
79 25
84 72
19 20
26 34
27 36
98 33
28 78
65 23
71 38
71 24
29 60
6 12
14 59
96 48
85 74
38 26
4 23
90 62
22 33
60 53
10 89
71 17
42 78
57 58
90 16
53 30
83 9
52 53
98 80
59 42
24 92
69 70
47 14
22 78
18 13
52 69
32 75
15 28
48 92
56 93
41 65
45 35
65 87
71 44
82 11
80 46
34 2
93 7
36 57
95 46
33 58
26 88
46 68
28 24
71 68
45 69
95 46
23 63
93 6
24 48
28 69
27 3
75 97
62 40
69 54
4 40
90 88
11 47
6 68
13 43
1 55
7 53
52 2
97 44
1 37
93 74
68 21
20 5
32 85
90 43
44 21
71 43
0 16
85 17
94 22
56 77
89 43
77 57
77 21
38 93
16 60
75 99
8 17
24 57
9 23
6 1
24 49
45 17
37 19
24 99
53 24
90 24
40 32
53 69
5 3
75 44
14 67
96 47
39 80
60 79
21 25
24 32
20 94
63 84
27 32
50 41
16 73
39 1
83 64
59 36
9 89
42 19
60 7
48 42
93 58
97 37
99 30
32 80
32 35
0 15
60 64
7 21
90 8
24 39
70 88
99 70
35 67
76 20
6 70
40 56
94 13
58 64
73 6
31 35
58 29
62 32
34 40
10 78
88 69
11 77
47 95
27 65
74 69
66 52
61 58
57 10
24 87
19 85
32 88
53 99
52 33
42 63
43 84
49 39
3 62
83 57
94 79
91 14
58 95
47 14
61 96
60 73
45 24
77 59
75 13
45 1
77 22
5 67
14 51
17 35
70 51
45 83
64 96
88 9
3 49
25 75
97 84
94 57
80 53
60 24
10 87
9 19
42 16
59 33
62 75
98 23
24 69
0 43
15 33
66 82
28 51
16 82
6 15
91 48
28 19
37 82
86 10
19 35
86 58
43 99
15 68
55 38
29 44
14 22
61 53
11 67
15 93
99 65
10 88
71 76
51 25
44 14
98 29
37 96
61 96
96 99
83 87
62 16
65 6
54 28
53 90
43 49
96 97
92 1
17 92
9 91
84 74
20 0
61 28
70 20
46 87
33 46
86 20
17 38
18 58
23 90
22 36
45 6
7 93
54 41
65 45
10 76
59 97
6 42
27 29
11 40
25 68
60 62
37 9
26 32
80 48
1 96
7 74
78 35
39 1
32 63
12 46
10 4
86 45
66 46
39 65
49 9
52 96
12 61
12 27
23 93
37 86
92 71
63 92
55 72
1 76
79 33
90 92
26 16
56 11
31 5
22 84
35 70
7 12
32 65
27 10
55 16
90 99
98 45
4 39
80 61
70 40
63 57
82 74
17 59
21 93
80 52
50 5
2 96
91 89
87 0
41 88
28 2
60 7
40 89
48 49
49 69
93 47
30 13
17 31
69 67
24 26
55 50
46 77
95 13
90 2
56 51
62 51
50 14
52 46
16 6
58 88
3 66
34 37
11 2
47 62
29 33
59 85
2 43
94 6
68 9
84 41
11 81
43 94
27 83
87 56
19 94
4 77
34 77
74 26
26 48
30 57
83 5
12 25
73 24
90 4
54 20
80 30
49 66
87 26
44 18
17 97
53 28
62 86
44 40
17 9
34 29
70 25
68 49
24 21
59 45
64 28
23 52
44 38
57 8
28 10
28 58
62 37
87 47
96 38
41 0
57 31
40 43
21 71
42 57
32 89
27 98
35 43
2 41
10 37
5 49
18 59
77 72
65 31
51 57
74 86
82 40
50 91
40 53
61 2
59 20
93 99
25 74
69 52
48 43
51 13
94 73
79 45
31 35
66 49
42 22
84 96
86 49
98 18
75 77
91 98
40 13
11 4
66 31
17 18
47 62
44 62
23 30
80 57
76 93
28 91
46 20
97 90
20 87
6 81
20 27
5 8
12 94
46 70
54 60
75 42
93 96
45 40
15 65
75 36
59 34
20 66
37 42
96 65
59 68
67 46
52 91
55 42
84 7
11 77
12 55
40 4
82 70
90 14
24 17
54 71
20 82
68 22
99 50
31 67
94 41
17 36
65 85
54 14
22 49
14 78
46 45
5 71
72 58
20 3
19 1
26 90
17 31
66 4
55 24
44 74
99 21
71 95
82 85
13 73
52 67
90 36
99 5
30 12
14 54
14 82
39 87
31 86
64 13
14 92
49 76
35 89
73 23
67 75
72 17
62 21
37 96
63 34
53 90
89 85
70 42
79 29
38 67
29 84
52 60
13 30
0 42
15 85
73 61
84 4
99 22
89 60
91 16
65 13
81 78
20 56
82 92
2 61
16 37
71 4
6 59
58 1
91 60
47 9
93 34
82 30
20 25
0 1
6 13
84 37
11 91
68 21
40 82
41 0
38 7
80 50
66 4
28 6
58 49
89 90
32 11
18 91
43 67
64 89
69 18
5 26
31 44
86 18
71 9
4 13
51 69
17 33
42 77
32 15
85 53
52 61
23 65
28 23
15 99
19 39
95 60
42 27
60 34
49 81
7 65
57 3
17 5
29 23
26 95
4 93
10 64
21 38
14 37
72 9
20 36
14 11
56 22
83 17
44 22
92 45
31 47
41 67
24 86
68 80
17 7
38 4
49 44
28 19
32 63
68 70
79 19
71 96
87 82
26 69
32 11
56 91
58 33
23 11
14 57
79 65
97 80
64 63
32 34
87 36
70 58
40 54
71 91
51 36
56 62
11 16
50 94
39 14
18 69
2 78
44 66
18 66
33 63
43 78
30 57
17 40
58 91
83 45
61 17
84 24
63 46
28 73
40 3
29 87
13 59
12 8
96 3
24 46
41 0
96 4
96 11
16 44
35 68
92 87
52 76
9 82
92 70
46 85
10 60
85 22
58 10
74 58
12 40
41 86
20 45
41 61
86 69
66 21
42 22
65 97
69 41
49 46
51 67
40 15
67 55
2 23
59 98
20 55
53 55
81 34
69 54
19 44
81 95
79 98
46 19
73 87
9 45
66 82
14 46
99 42
42 56
53 9
76 2
47 4
28 33
72 16
78 42
43 49
84 6
51 80
22 47
75 51
96 5
9 26
68 66
65 97
53 60
48 79
70 96
28 5
48 35
40 14
34 80
41 13
86 3
28 37
75 95
19 10
6 97
29 30
10 53
88 53
75 6
61 52
53 71
78 28
70 72
90 21
5 49
86 67
99 54
38 5
36 46
70 88
1 76
74 94
72 42
10 33
44 76
66 17
73 13
8 17
94 70
67 36
63 70
48 62
55 9
59 12
69 0
29 17
85 79
93 61
46 67
47 74
16 51
16 9
27 70
62 69
62 52
17 36
99 96
95 46
82 24
33 22
98 77
17 38
76 68
48 45
67 88
48 6
1 81
13 62
91 10
46 12
74 31
39 53
46 44
22 80
17 70
42 90
59 17
83 23
85 28
32 7
76 51
38 22
80 63
10 24
76 17
60 69
76 71
71 32
6 83
15 44
66 45
69 76
17 95
61 71
91 0
68 87
48 91
7 3
80 49
68 81
24 9
56 48
90 38
67 20
47 29
84 40
58 38
42 44
1 88
28 60
95 81
29 35
22 19
34 11
37 19
94 97
87 54
47 22
24 61
38 41
84 12
28 75
52 32
14 76
12 11
9 22
68 25
25 19
49 81
97 37
30 86
16 73
94 98
28 71
22 39
20 16
50 84
98 22
18 93
96 47
51 5
63 84
57 6
19 31
2 67
27 45
34 24
87 46
69 29
88 23
0 42
71 6
49 40
29 21
33 13
46 59
3 83
74 94
49 26
21 0
36 65
40 81
37 43
74 30
32 27
3 72
19 1
12 39
69 36
39 42
36 70
15 39
12 1
95 53
37 11
12 81
92 24
17 38
89 32
44 91
0 55
85 62
35 43
71 12
87 72
18 28
50 48
25 49
72 8
95 97
41 70
45 56
90 70
94 15
37 5
32 11
35 1
5 45
39 76
94 92
10 51
61 34
41 2
10 0
25 95
71 61
13 90
26 9
43 76
71 24
85 3
39 83
42 65
76 97
98 12
72 97
46 95
26 82
57 10
26 71
39 96
63 89
60 8
29 30
15 53
98 28
12 69
52 58
7 44
67 62
25 81
1 97
54 18
76 78
83 91
81 80
20 74
43 69
43 29
49 50
8 20
62 36
98 47
43 34
10 13
4 26
93 16
21 1
79 25
7 85
3 13
92 7
80 6
98 55
85 17
27 80
58 2
3 2
62 28
37 25
73 24
5 46
90 9
90 89
62 85
92 99
8 76
56 87
35 11
52 79
4 71
8 59
4 82
53 55
45 56
37 3
31 82
72 58
46 95
33 37
69 11
31 21
54 7
87 1
86 4
9 47
76 88
86 50
29 66
71 98
92 17
57 6
81 51
11 61
6 28
78 80
63 5
2 68
53 74
11 51
77 0
17 53
57 74
76 75
80 20
22 25
26 47
98 97
72 6
47 75
95 84
66 67
15 54
32 71
44 0
34 74
52 42
90 30
58 30
81 69
47 72
51 38
67 19
56 26
16 56
59 61
25 19
37 2
65 90
22 18
98 38
83 62
81 3
9 46
25 61
77 8
77 24
57 52
91 8
30 85
74 52
75 93
87 16
45 93
64 89
11 93
61 99
25 93
54 91
80 51
67 32
3 96
35 0
76 36
84 89
64 20
84 47
98 94
80 11
73 32
68 42
2 49
4 26
96 23
77 57
46 37
30 27
71 47
15 79
86 47
88 62
54 48
79 25
53 0
0 69
52 82
54 93
80 16
90 16
25 32
1 96
96 53
97 83
32 53
6 88
89 63
33 95
8 67
6 84
49 26
47 87
95 39
65 47
35 50
21 64
28 55
65 17
44 13
8 10
58 29
7 68
89 70
18 8
27 22
61 41
17 44
96 38
72 79
14 89
32 7
17 84
27 32
1 12
17 35
88 98
87 62
48 40
85 10
3 1
24 0
70 41
64 25
17 99
15 68
22 8
71 2
71 88
52 23
44 98
0 10
43 21
63 92
38 7
62 46
7 72
16 10
18 81
96 56
37 19
96 38
49 92
81 27
84 7
42 79
37 8
8 91
12 17
92 95
95 40
89 66
75 27
28 8
46 42
76 50
20 75
88 62
98 45
7 25
83 62
72 98
37 18
73 63
51 89
63 81
47 94
40 60
62 90
56 49
26 2
56 24
9 27
43 6
98 18
78 92
97 96
2 59
65 19
54 8
31 10
18 27
38 43
90 80
42 2
78 80
71 74
99 33
73 18
57 50
44 93
62 44
73 71
29 72
80 11
60 98
72 10
90 96
55 35
98 92
94 64
10 25
33 53
53 18
57 60
46 57
18 99
95 16
10 31
71 75
75 40
80 40
8 2
72 6
28 8
67 4
78 34
37 61
20 38
31 96
24 66
69 4
0 12
88 96
11 97
91 47
63 90
23 32
4 2
77 56
60 19
12 52
83 22
54 31
35 19
75 99
87 45
74 10
47 12
35 56
94 50
77 92
19 48
39 43
29 44
68 48
6 22
69 75
12 16
2 68
48 65
84 66
54 0
37 56
79 34
30 89
51 24
5 66
57 12
84 86
39 13
3 22
25 62
33 2
14 12
96 86
8 41
81 63
17 52
6 18
25 24
74 38
86 83
22 1
25 59
85 21
50 7
79 31
60 74
51 87
93 97
73 96
83 11
2 4
79 47
7 2
28 62
71 19
23 50
56 41
16 4
30 59
75 57
82 50
85 38
36 85
9 64
0 60
54 4
49 10
59 64
16 91
30 67
49 63
83 67
0 63
46 42
91 14
22 20
89 17
78 63
96 4
64 38
59 43
97 78
69 14
38 24
19 73
15 56
74 66
93 48
31 25
42 25
83 1
32 75
25 88
76 98
92 73
84 62
69 87
74 21
19 56
75 29
55 83
71 83
37 51
93 33
10 33
87 79
27 70
98 10
48 22
99 22
77 20
95 74
52 39
6 47
51 55
20 38
53 26
91 27
85 19
64 81
54 88
27 12
68 14
35 81
78 37
48 71
97 85
85 92
60 32
85 38
11 49
60 31
34 56
37 10
85 19
27 31
90 53
81 3
40 10
50 29
2 51
72 22
40 21
80 4
49 97
12 83
42 22
90 43
21 49
57 46
27 46
7 38
12 54
14 0
77 89
45 50
82 52
1 84
9 90
9 5
47 73
65 17
36 24
67 80
65 72
37 62
60 84
49 80
71 98
65 24
63 93
96 1
15 55
35 6
36 29
9 92
65 41
40 13
51 5
69 80
32 53
72 20
42 41
42 38
24 89
76 9
59 33
9 66
42 15
58 34
55 92
45 55
58 16
44 75
45 37
92 73
92 40
74 17
36 67
30 1
64 62
35 86
94 78
64 26
28 95
17 59
64 17
9 49
88 3
18 5
1 67
60 6
14 51
6 21
90 42
47 4
51 80
57 14
93 78
2 68
83 22
27 50
85 26
89 86
30 37
53 4
12 50
36 3
71 87
57 63
82 93
21 45
40 77
90 72
87 46
11 27
28 49
78 75
67 91
91 44
74 34
73 20
87 19
94 82
94 48
70 71
25 79
77 94
3 37
28 33
18 90
46 93
61 16
33 37
39 53
24 8
76 31
43 61
75 22
17 71
67 91
72 94
97 85
75 33
13 73
33 76
95 41
56 80
56 6
31 43
23 92
84 10
64 37
29 33
22 77
6 61
98 30
24 47
42 79
94 0
35 80
70 18
80 66
67 59
25 84
31 91
17 15
8 3
31 46
64 34
31 84
95 7
47 15
76 18
55 60
0 17
98 67
35 15
28 45
82 30
62 88
19 4
48 81
66 90
80 43
40 48
29 35
18 5
68 12
38 91
54 73
69 36
5 42
48 68
46 51
42 21
68 52
81 35
65 97
98 82
28 95
56 73
28 23
97 4
0 73
56 37
84 80
96 53
58 47
1 61
97 80
77 53
95 51
55 79
98 52
62 2
45 93
26 94
58 97
72 40
32 79
13 90
96 56
49 4
94 8
98 5
92 14
88 25
5 59
7 9
96 59
49 2
19 79
70 56
26 2
84 62
8 78
52 45
81 58
86 75
33 59
17 6
85 93
62 48
96 94
6 74
22 68
27 77
66 25
38 58
63 0
99 83
82 29
22 64
94 3
30 38
91 96
2 87
4 31
52 67
25 54
89 83
67 56
30 12
42 53
91 84
12 56
53 63
38 70
24 83
71 5
5 74
99 2
48 16
96 63
39 7
74 94
7 18
47 80
5 6
98 16
19 71
82 11
33 56
78 59
78 88
83 25
72 49
95 43
85 90
32 31
5 19
12 73
84 4
46 92
95 43
27 94
71 88
57 18
99 24
16 87
60 44
30 86
40 48
59 63
96 60
67 46
49 12
59 29
77 14
67 4
41 21
81 19
43 57
78 98
98 26
59 95
9 5
12 82
13 59
7 23
33 79
39 50
25 94
13 55
57 4
68 90
1 45
15 4
30 37
30 13
62 20
50 77
65 22
79 14
51 68
82 99
54 36
90 35
10 42
0 67
90 79
81 98
30 80
44 82
94 48
49 52
52 32
16 10
15 47
66 88
87 19
93 76
34 80
34 54
34 30
73 63
42 46
28 2
48 51
55 83
15 60
67 53
91 52
25 52
69 38
16 77
51 93
83 67
70 74
63 51
69 56
48 1
29 51
0 32
65 53
49 39
46 26
47 8
10 18
68 58
71 66
94 40
17 26
29 46
75 91
76 81
94 62
27 66
92 22
12 38
34 36
92 61
43 39
63 49
70 72
72 47
83 41
90 99
52 38
65 76
33 24
38 39
2 44
70 15
16 17
71 88
89 46
37 78
5 63
80 49
57 93
43 52
55 62
82 13
7 12
78 69
47 17
15 75
88 92
61 93
70 99
23 48
44 18
38 83
80 84
56 85
56 87
79 60
30 29
91 80
61 33
24 68
0 89
17 84
9 80
76 92
82 21
86 40
13 69
80 40
29 32
48 77
16 89
45 75
30 23
68 49
53 42
81 78
80 23
95 33
98 75
88 67
69 45
55 77
66 87
44 98
87 94
0 30
90 53
97 13
91 17
48 74
15 27
22 92
65 5
12 72
90 35
38 34
30 64
25 84
56 21
4 73
76 41
65 6
67 46
95 50
61 78
76 1
17 54
90 99
34 7
63 93
94 80
55 28
62 83
40 36
88 50
28 86
13 31
43 40
71 61
90 42
85 36
79 94
86 72
93 87
52 96
15 12
83 65
82 77
66 44
39 96
98 65
61 17
60 21
35 23
93 29
1 79
39 70
96 77
42 27
23 19
44 75
2 69
95 2
82 18
85 68
54 89
26 35
37 11
0 3
92 82
88 61
85 57
16 90
56 2
88 36
16 27
54 91
59 26
95 71
7 85
36 93
45 65
95 19
35 33
51 5
92 82
7 73
72 28
90 20
68 46
6 65
19 0
33 85
14 6
8 78
3 5
58 86
60 99
55 68
25 81
7 77
47 20
19 55
26 71
72 68
87 81
96 20
6 36
9 5
22 66
99 68
81 70
16 11
24 75
56 9
70 9
42 3
16 61
66 54
7 89
23 67
41 18
88 30
65 85
76 67
65 29
53 82
60 96
51 40
54 63
5 76
98 72
36 17
96 26
32 91
28 43
86 83
53 32
28 40
84 81
98 14
65 27
89 11
10 85
76 0
15 40
79 6
53 91
46 86
21 78
71 64
5 2
9 68
75 5
2 58
24 93
17 37
73 54
99 83
11 14
63 25
68 28
58 88
74 17
89 90
12 82
12 47
38 26
12 92
15 65
17 62
62 99
6 35
5 60
25 30
55 31
54 5
25 13
54 71
58 32
22 98
2 81
15 12
29 82
24 96
94 75
27 62
32 75
70 85
6 89
53 29
97 84
57 78
6 93
36 55
30 92
62 42
9 20
11 93
96 47
30 8
75 91
5 23
44 89
38 52
91 58
30 82
83 66
69 78
56 44
19 7
44 10
22 28
42 7
74 68
98 91
90 86
9 85
9 47
80 56
86 98
4 86
53 21
38 53
55 13
63 84
32 12
83 87
68 40
53 4
34 84
52 3
15 33
31 90
94 55
50 8
41 72
65 58
78 54
1 81
4 57
60 31
63 72
18 45
4 23
86 47
40 21
16 96
96 59
65 81
21 77
75 92
62 41
21 81
48 25
10 45
17 67
91 24
48 25
93 8
9 10
3 98
23 42
31 34
87 85
61 15
67 89
62 50
22 70
25 70
38 49
27 57
51 91
49 28
88 32
37 56
13 81
67 28
13 82
15 24
84 32
74 38
26 27
94 63
30 11
45 67
52 43
5 14
0 13
74 28
63 57
28 20
19 49
22 26
85 50
15 49
89 42
98 51
20 1
72 3
18 90
95 30
56 20
79 57
77 55
74 20
60 94
56 89
57 24
91 64
68 77
45 97
54 95
23 82
98 55
99 88
6 23
33 69
62 44
9 5
9 61
85 81
62 94
97 62
18 64
35 1
40 30
46 75
6 30
63 18
6 13
4 27
25 39
85 13
14 18
76 28
45 53
84 66
63 97
13 5
3 93
82 60
19 37
45 31
47 27
27 68
9 12
63 28
6 75
68 31
38 77
33 36
50 54
75 65
59 63
58 25
52 69
23 19
51 16
20 28
48 21
79 10
51 94
81 15
87 84
75 77
64 80
26 56
35 5
10 70
23 90
92 74
56 91
78 93
59 14
95 81
57 29
32 64
59 85
23 5
41 97
43 73
99 21
68 36
67 63
47 75
57 11
83 19
36 81
45 44
77 82
46 61
2 62
29 57
36 93
70 90
34 88
64 8
3 54
94 42
98 53
83 22
62 46
91 93
70 69
8 77
96 14
56 27
9 4
99 42
39 4
29 63
63 37
22 84
18 75
38 91
77 71
8 30
30 50
87 94
27 76
83 80
64 90
51 87
35 22
68 77
46 75
85 38
59 10
11 55
38 95
38 85
28 17
9 61
8 39
1 12
56 72
1 30
19 11
6 2
54 92
22 32
13 36
37 8
86 79
13 44
37 38
48 14
61 42
6 73
18 10
98 67
63 76
2 8
43 62
94 50
9 85
64 30
79 21
22 58
43 35
98 80
58 91
23 63
56 33
25 35
77 30
49 72
90 60
40 81
40 65
65 79
87 42
86 99
36 99
72 90
17 92
88 52
44 0
20 79
24 46
50 86
1 14
63 68
24 62
50 6
10 53
68 47
54 44
15 93
36 46
84 16
44 30
97 67
30 3
75 44
13 20
20 36
41 52
4 50
93 97
96 50
18 32
58 1
0 81
52 26
19 83
68 32
49 80
93 7
98 82
88 12
30 97
94 53
92 27
30 45
7 75
7 45
58 97
72 76
89 60
25 76
27 10
0 9
85 81
2 36
3 36
48 88
6 4
4 70
30 1
56 70
35 57
6 11
99 71
99 36
51 64
11 53
42 14
44 84
48 46
90 41
92 72
39 96
25 10
9 41
48 46
98 99
63 60
70 80
8 50
68 13
68 1
33 75
92 48
61 60
77 35
65 13
96 28
61 85
5 36
57 66
42 5
75 2
42 12
33 73
83 45
76 21
82 79
74 60
57 65
22 58
17 33
22 79
43 24
7 42
66 81
47 20
25 69
20 78
64 55
36 63
33 2
92 74
63 78
59 91
61 77
53 32
66 14
19 39
38 62
41 67
7 20
81 32
77 14
8 87
92 68
90 86
80 74
14 89
7 37
3 12
70 28
49 66
40 83
25 58
25 70
66 27
97 41
92 58
12 46
11 31
37 78
14 66
88 87
57 70
83 52
74 83
48 27
88 13
80 41
65 8
13 83
49 11
43 60
26 16
77 99
87 59
13 69
98 51
36 13
36 56
51 64
78 89
63 5
29 89
74 67
19 92
40 95
99 0
85 87
3 32
28 48
56 37
27 29
52 33
16 47
4 73
55 80
27 47
31 95
14 91
89 16
57 80
84 95
28 17
17 29
26 13
85 89
21 26
70 5
67 53
97 25
22 83
91 57
95 71
95 60
63 17
61 27
12 91
66 33
87 79
11 3
23 27
96 49
62 92
82 33
64 54
66 56
27 23
76 48
90 23
59 10
0 96
72 23
44 46
51 98
59 23
27 89
70 92
41 10
88 53
73 34
11 51
73 59
75 0
70 78
90 49
54 64
77 78
50 3
13 34
98 8
75 5
60 37
90 68
99 21
68 99
40 50
33 4
42 13
35 54
46 91
72 0
42 39
70 78
22 28
73 94
36 82
3 26
75 6
48 95
77 15
81 48
85 79
92 38
1 88
1 98
58 40
18 7
73 80
3 68
21 0
20 75
0 88
85 42
75 42
6 0
21 31
73 38
54 51
29 93
87 37
82 69
63 88
83 61
98 43
25 42
76 49
52 39
23 21
9 98
61 44
0 57
79 22
89 30
27 98
24 28
93 94
75 38
8 91
87 43
76 98
53 5
47 18
51 83
28 12
2 88
15 69
74 38
13 70
58 42
74 62
88 92
49 77
99 33
19 21
64 87
76 74
51 93
3 42
60 86
80 72
50 61
58 9
93 66
12 25
86 65
26 52
20 93
42 8
70 48
35 37
31 20
35 95
41 92
30 17
19 75
87 40
81 76
42 24
8 77
68 19
26 56
46 82
35 95
30 31
30 95
19 11
60 95
23 87
3 24
33 56
69 58
83 23
83 78
69 38
47 33
79 59
44 1
59 48
83 1
99 7
87 65
79 90
42 82
43 87
77 35
50 22
46 14
59 2
56 21
77 75
96 28
1 63
16 41
74 11
66 28
16 88
33 75
63 86
86 49
88 14
41 4
88 43
62 34
28 1
53 70
20 29
12 55
48 20
55 71
52 93
14 76
48 89
54 46
66 2
76 75
69 88
48 33
30 27
95 53
27 66
82 78
23 49
29 61
62 79
40 68
0 96
53 10
79 86
66 71
76 21
36 91
30 39
72 83
74 61
75 29
87 44
69 96
36 99
38 17
17 11
73 48
38 2
99 57
71 8
15 41
85 1
19 54
25 78
78 15
79 89
11 27
66 61
75 33
97 51
46 81
53 77
81 0
15 42
22 7
37 18
17 52
24 59
81 62
15 8
58 79
8 81
35 25
35 22
2 54
10 61
77 81
87 29
12 73
39 82
67 74
66 99
72 90
70 3
73 11
54 74
16 64
61 21
19 43
88 89
17 49
11 63
39 61
81 74
22 18
48 1
34 43
79 1
40 46
84 30
5 57
67 26
69 3
54 93
42 11
94 40
55 96
94 96
10 35
59 15
60 13
87 25
41 46
97 48
93 90
51 29
75 8
94 5
58 28
86 99
48 75
79 32
52 55
57 75
73 48
93 8
40 5
79 1
41 46
70 56
41 72
42 67
2 56
21 96
22 59
71 18
28 78
41 6
43 17
46 20
49 41
71 40
18 56
22 65
21 51
67 71
65 23
12 23
67 89
10 29
74 86
84 20
98 69
66 2
49 91
59 96
59 84
69 31
91 69
43 44
9 34
10 91
21 80
2 52
95 70
56 59
93 18
78 40
84 4
26 25
13 14
69 54
94 98
14 80
55 94
43 91
3 77
29 5
53 11
39 2
58 90
46 68
7 78
19 58
29 11
67 79
97 30
78 93
75 85
12 52
45 18
87 93
2 3
52 41
1 48
74 92
64 97
6 17
55 76
0 99
81 36
76 22
39 28
84 3
81 91
44 98
65 94
70 73
92 47
23 67
75 30
36 10
71 11
63 89
67 84
96 63
73 81
96 4
49 25
68 50
44 47
81 7
94 87
54 2
56 27
6 33
94 1
45 65
2 69
51 83
85 75
41 69
6 88
17 14
46 51
18 28
18 66
4 38
36 56
81 12
52 53
31 53
95 6
84 49
10 59
26 6
5 16
65 31
22 5
19 48
48 67
87 2
36 23
10 64
17 38
4 44
77 79
86 59
54 0
46 33
73 43
77 33
68 88
89 23
89 86
55 68
68 6
32 81
32 93
36 55
89 37
61 96
28 40
76 87
23 79
61 55
25 3
70 20
96 68
35 26
85 70
36 55
77 51
77 65
35 18
95 55
57 50
69 60
47 92
58 57
28 51
48 67
32 18
51 14
30 40
28 93
45 29
12 72
77 12
27 10
20 6
87 82
79 35
65 36
19 83
65 79
0 35
72 85
84 86
97 94
3 97
58 32
25 79
15 81
31 24
6 14
2 23
98 29
83 20
96 39
62 78
55 69
73 57
48 36
43 42
31 89
99 59
42 30
10 12
27 16
35 92
53 52
59 13
75 37
67 99
92 70
67 46
8 35
88 21
72 94
40 88
35 79
20 74
19 21
2 61
4 13
81 38
69 97
69 53
31 70
94 29
11 73
22 44
31 26
49 21
15 97
44 79
1 83
70 78
39 75
71 70
86 33
49 29
75 3
44 17
75 8
45 27
94 19
47 78
45 88
14 39
63 99
16 8
34 18
20 51
71 76
79 95
90 94
24 20
74 48
50 75
20 38
46 76
19 21
66 40
71 12
67 26
97 71
95 53
61 25
78 7
94 34
46 87
75 48
84 8
4 56
98 52
21 58
49 66
4 26
80 52
63 41
61 59
49 38
47 86
64 10
95 67
11 63
8 6
55 41
31 75
9 98
87 83
18 87
85 80
56 44
24 3
90 79
99 61
49 64
13 53
51 83
32 37
2 37
68 72
91 86
13 46
69 38
85 3
70 24
20 4
65 68
13 16
10 88
27 35
86 18
94 26
69 31
96 0
21 64
25 15
57 52
36 21
6 2
23 30
23 47
25 90
84 43
6 39
72 42
45 39
7 13
3 21
2 86
61 14
81 37
56 28
89 74
82 9
14 73
42 27
88 92
17 54
87 3
3 68
4 8
24 4
64 52
22 76
92 6
72 83
78 57
34 74
18 82
56 98
4 94
74 20
96 87
21 47
30 42
2 44
75 58
30 15
58 10
17 52
89 65
66 4
84 38
87 5
72 41
62 66
53 68
11 25
77 49
18 66
18 61
74 21
98 20
89 75
58 36
53 69
28 35
70 0
98 43
8 19
31 8
3 93
3 95
6 20
14 2
90 5
73 55
0 1
65 37
60 89
95 81
58 90
16 19
47 22
7 84
84 28
0 84
38 83
76 27
52 13
12 48
51 77
99 26
19 87
56 96
57 38
24 63
53 14
73 14
95 31
29 66
67 7
28 72
12 26
93 4
30 68
57 46
43 52
36 87
33 77
3 89
54 95
81 10
38 78
1 75
70 12
83 85
25 16
40 58
40 76
46 93
25 58
55 47
37 38
57 5
0 30
19 3
47 79
12 28
81 1
12 20
77 40
90 16
52 77
9 89
98 26
70 37
76 97
96 69
62 81
31 92
37 9
37 55
7 9
51 57
24 66
76 5
75 10
96 77
33 76
30 47
79 47
22 53
80 24
0 82
53 55
83 28
37 1
49 1
97 6
59 17
58 38
83 18
62 49
84 58
32 71
25 6
22 73
23 22
14 56
7 59
19 46
77 3
34 35
68 80
85 28
95 55
29 58
48 87
97 72
98 93
9 63
45 60
64 29
7 80
95 2
74 51
7 70
56 25
59 32
12 93
61 4
6 56
31 35
57 60
49 90
14 79
95 50
59 97
16 5
14 75
20 3
92 95
14 19
71 62
22 55
23 32
89 45
44 4
70 23
74 38
78 2
9 69
66 42
78 20
56 33
33 76
48 45
50 0
79 58
55 83
62 14
65 10
15 10
61 80
27 21
13 14
59 46
69 46
78 61
25 30
20 27
39 94
63 22
77 48
11 9
12 55
72 24
93 17
32 52
68 27
6 64
62 1
56 95
44 28
93 56
50 55
87 82
87 41
80 76
72 39
47 99
28 93
53 90
97 64
78 88
51 67
72 67
47 7
9 29
47 75
57 11
67 47
8 80
94 91
5 66
52 69
9 86
67 64
29 55
21 41
56 33
23 2
99 72
83 13
21 6
86 99
54 16
92 41
46 69
16 79
7 96
70 55
79 43
97 73
51 87
86 79
30 62
68 7
86 35
2 33
23 18
52 26
87 12
0 79
90 13
78 19
57 8
61 96
98 52
64 61
21 32
60 63
93 71
80 60
11 13
90 89
86 60
11 31
4 39
96 62
54 50
13 5
48 22
87 65
88 13
5 38
43 15
19 89
12 53
33 25
33 60
58 25
41 58
9 98
34 45
23 43
1 39
24 35
0 3
46 35
16 0
96 40
7 71
1 89
31 61
97 70
94 74
95 1
70 64
1 87
31 44
68 85
83 67
75 55
37 46
93 16
11 21
87 43
47 18
46 70
53 28
43 80
44 77
90 71
39 4
19 61
95 3
85 16
16 43
99 78
54 5
94 96
0 48
7 12
48 34
73 3
81 37
55 16
31 50
25 84
1 50
98 29
24 33
38 88
46 34
27 17
7 90
37 3
50 64
95 91
4 54
16 34
5 82
38 6
15 63
61 70
60 48
5 13
98 79
18 44
77 48
90 30
52 33
65 13
83 68
77 99
38 87
49 33
12 91
22 74
42 64
83 47
36 9
32 52
48 86
74 62
36 10
15 63
19 1
23 59
30 43
94 93
34 64
46 61
24 10
93 97
25 33
80 8
16 61
54 68
91 89
15 83
1 73
55 68
73 54
23 97
31 47
36 84
64 37
72 63
96 26
51 97
33 65
99 55
88 84
50 5
51 9
35 92
83 28
61 36
33 18
48 80
5 87
14 46
36 83
30 17
13 36
95 19
50 87
11 3
91 14
66 71
31 93
60 84
2 14
84 26
70 5
87 88
81 12
81 85
54 92
77 47
9 89
1 10
38 23
5 33
2 54
60 21
30 88
61 48
24 0
1 3
31 19
72 42
59 66
40 56
73 86
54 98
91 77
6 14
59 83
75 62
4 92
41 92
46 97
65 69
47 79
60 49
98 81
99 22
24 53
16 29
92 13
7 79
32 42
27 5
16 88
99 93
58 54
8 71
85 2
1 78
3 91
76 45
35 50
81 35
88 36
61 86
74 33
12 58
64 92
52 59
11 26
70 94
77 18
37 70
71 3
31 44
25 97
41 38
11 42
97 92
42 83
3 86
96 89
6 76
12 89
93 97
14 59
82 46
57 1
17 33
3 20
69 76
21 10
94 42
7 73
3 98
72 13
49 18
11 3
78 31
76 81
46 4
84 85
44 21
72 4
30 36
16 7
74 61
84 64
82 54
47 4
48 52
66 61
3 49
27 47
84 29
75 89
20 94
66 3
58 36
88 42
80 60
80 88
4 17
67 77
53 22
61 56
59 60
90 1
27 4
97 65
26 82
91 61
30 22
89 54
54 91
84 39
86 54
38 57
45 89
23 48
62 35
58 66
56 38
66 88
52 78
38 86
52 34
41 28
91 2
95 99
62 64
14 75
59 34
9 79
14 53
62 91
70 12
97 94
19 79
95 37
39 24
71 4
29 19
10 65
38 99
53 5
34 59
26 3
46 86
20 84
63 81
70 1
92 65
17 22
6 20
3 64
66 46
82 64
67 39
84 30
30 27
1 4
71 14
79 7
7 46
20 26
8 12
69 99
48 1
47 84
90 72
65 62
74 22
71 95
74 84
87 29
42 8
75 30
29 58
93 75
23 29
61 57
73 52
92 66
9 43
44 49
64 44
3 56
47 97
52 26
12 81
88 63
13 70
49 39
49 53
40 11
21 48
93 85
0 89
62 52
21 55
57 32
26 28
30 79
74 17
81 51
85 92
32 73
23 1
34 28
12 91
49 44
50 2
99 28
72 46
77 82
7 19
65 48
75 67
20 72
77 75
38 15
12 63
65 87
89 77
14 38
20 71
42 31
85 53
79 84
37 71
32 55
14 39
32 76
43 59
99 48
3 70
36 82
87 3
75 55
23 84
50 5
71 27
21 62
48 82
97 40
39 8
26 85
42 71
26 10
60 76
29 74
41 5
76 48
25 52
1 60
96 52
98 95
91 86
95 74
90 57
64 36
79 32
89 9
8 97
23 58
72 31
99 57
55 34
32 14
63 81
30 70
31 42
50 33
14 36
57 34
85 58
69 88
51 31
52 17
22 75
36 91
55 78
13 6
23 4
58 84
43 52
20 54
56 45
71 65
32 54
16 76
44 83
84 9
11 93
47 42
87 44
85 95
32 37
50 23
7 42
43 40
77 48
34 39
38 22
4 67
64 91
12 24
89 18
54 90
82 38
42 75
36 59
4 82
88 59
69 32
98 19
14 86
57 76
4 86
13 39
5 69
8 76
4 97
50 51
93 53
67 29
5 12
89 43
27 33
27 0
56 98
90 72
98 43
85 8
57 98
18 92
29 37
56 88
62 3
41 26
61 75
49 60
52 40
5 36
19 95
54 21
46 52
60 24
33 92
49 23
19 99
31 82
30 59
6 96
9 69
10 39
5 22
29 15
60 44
38 97
40 18
20 77
32 4
73 2
38 7
7 93
84 37
35 11
78 8
2 75
6 69
10 29
46 5
10 94
8 17
37 67
50 39
83 28
89 74
87 74
32 48
40 48
15 45
81 96
32 40
67 87
80 8
18 56
67 70
35 21
49 58
23 61
72 4
36 22
22 39
15 14
8 4
42 88
50 35
3 97
94 92
48 92
95 83
0 61
73 75
43 33
35 78
8 37
19 62
81 94
24 76
49 62
49 72
37 49
52 22
52 10
6 8
99 70
31 38
79 10
76 44
35 17
62 36
29 24
61 43
12 96
10 95
74 22
48 52
13 49
24 91
59 97
95 94
4 15
46 14
31 18
16 56
93 68
67 53
5 50
62 93
93 40
41 83
33 52
42 43
19 13
86 41
31 68
42 78
37 76
29 41
85 8
46 44
19 33
81 48
62 66
38 26
22 87
28 69
18 90
70 29
98 35
26 67
32 11
39 51
8 0
9 45
95 16
88 17
31 60
69 88
79 10
43 73
76 41
7 61
10 88
64 55
1 36
30 13
72 59
36 75
35 83
40 70
95 10
23 83
79 74
81 68
19 29
35 32
66 57
62 81
70 4
82 20
98 7
81 86
1 4
7 85
2 29
72 59
20 3
86 99
22 50
9 90
9 62
5 82
74 55
20 33
23 44
47 89
3 22
92 30
67 34
47 58
83 88
0 3
13 40
20 90
44 92
75 60
90 5
24 16
82 95
85 61
42 17
94 39
91 3
13 38
91 41
51 19
13 7
22 33
15 87
65 46
96 79
10 37
1 55
96 70
0 93
25 77
68 25
84 22
66 52
75 30
35 22
88 9
57 59
61 8
28 19
63 6
2 80
96 90
96 29
58 85
11 30
50 69
26 70
77 81
20 90
7 74
54 6
54 89
2 47
15 47
20 27
34 80
94 27
68 51
38 89
77 26
6 84
53 8
63 44
39 75
62 49
81 16
23 80
42 54
62 15
82 2
6 58
37 44
28 72
19 3
62 41
74 54
0 93
7 23
19 58
5 66
39 63
55 76
8 99
12 71
79 65
60 45
61 4
97 2
4 88
85 73
99 58
54 72
76 0
88 18
3 53
10 40
35 55
83 29
35 49
36 90
72 4
95 19
29 37
55 35
23 4
99 3
97 33
92 53
64 45
79 54
81 40
42 38
30 18
63 18
58 20
88 94
69 30
32 82
88 4
10 72
69 71
41 43
61 6
40 72
11 65
94 25
38 71
33 34
97 0
58 0
81 13
71 49
87 86
78 53
92 12
43 88
34 54
51 44
29 72
81 96
43 24
28 21
87 10
21 81
96 49
52 17
31 91
72 2
54 8
67 61
14 20
29 50
19 90
52 70
91 85
7 37
37 60
20 5
39 72
24 62
99 60
94 71
23 6
69 42
53 91
71 31
75 23
14 43
99 86
99 7
20 46
72 56
68 22
22 62
21 2
10 78
21 31
67 98
19 79
83 25
64 40
99 47
80 58
75 88
58 69
96 16
76 10
92 22
45 50
47 94
30 48
59 64
9 69
27 23
93 6
16 56
40 7
88 25
37 69
43 80
42 33
59 43
68 80
16 44
82 1
81 57
59 47
1 47
11 65
83 34
16 5
31 65
7 34
53 46
73 3
64 71
32 90
47 87
68 39
0 31
85 74
54 52
41 88
80 5
92 46
67 94
47 3
26 64
59 47
12 95
5 1
53 97
43 98
10 35
27 45
16 66
91 39
90 71
97 44
27 81
40 38
89 50
29 9
20 2
36 91
49 26
79 48
36 98
20 89
11 76
12 71
59 16
60 37
23 62
57 29
84 11
11 61
49 82
92 65
45 17
82 79
13 61
55 63
74 12
12 88
73 0
97 42
91 90
26 38
29 57
26 20
44 58
47 29
37 11
75 14
70 63
67 11
65 33
54 4
80 48
12 50
32 48
20 83
4 9
7 67
3 35
27 81
58 73
7 29
2 70
24 35
73 82
27 0
83 88
85 66
65 87
35 79
44 80
83 19
37 11
97 4
37 1
64 75
73 89
76 81
21 76
54 96
50 89
2 28
14 31
51 58
50 20
4 43
61 11
67 27
94 79
23 15
23 96
77 83
73 65
42 30
81 67
5 86
90 75
20 61
43 98
27 61
85 80
3 91
42 8
68 33
55 56
95 19
34 4
57 66
22 84
73 4
36 38
57 63
97 72
53 29
98 30
17 69
8 61
30 70
78 38
45 73
97 19
35 82
60 64
15 64
24 3
63 84
68 85
6 77
29 91
13 81
57 83
71 73
64 61
2 57
97 71
30 77
27 51
84 50
54 50
81 56
53 41
59 42
3 6
51 63
81 46
19 5
52 98
28 88
26 13
1 3
63 92
93 44
53 69
18 24
76 90
25 82
70 7
38 69
62 44
63 39
53 63
51 95
63 62
94 28
6 42
96 41
99 24
24 42
85 63
29 0
15 33
8 69
37 95
76 20
84 17
30 12
98 92
45 94
17 13
52 85
84 76
58 54
65 20
30 55
47 28
38 53
62 93
88 58
46 55
0 48
47 2
54 16
57 55
1 55
82 89
61 28
23 3
96 63
43 93
33 79
32 93
34 44
86 40
83 63
21 34
72 99
63 23
11 88
93 17
55 42
14 43
96 74
56 4
42 67
78 3
49 6
15 76
4 86
74 38
20 4
5 6
29 9
47 1
6 49
64 39
75 26
34 91
90 85
39 16
10 70
30 91
69 80
35 56
52 6
79 6
66 63
2 28
50 38
87 76
16 5
41 15
69 21
5 74
62 93
82 0
26 9
17 21
84 49
61 15
79 66
92 60
49 15
92 1
16 90
72 40
84 51
75 15
47 39
5 72
71 54
46 28
12 41
65 40
97 90
55 18
42 50
73 0
76 17
65 29
34 26
70 79
16 95
4 43
49 56
18 12
94 64
32 65
53 23
14 17
36 77
73 27
81 97
47 54
8 30
41 46
77 32
44 76
40 34
39 52
63 31
94 96
65 76
40 33
78 30
72 64
94 51
55 19
78 30
7 16
39 99
58 25
60 32
92 48
92 49
88 66
45 63
90 51
9 42
60 50
39 57
96 77
85 22
74 37
35 62
39 91
40 15
10 67
38 99
66 44
77 86
82 92
81 55
96 18
38 97
87 78
45 18
68 88
51 68
42 22
63 97
31 16
93 79
3 8
30 79
78 56
2 60
95 99
81 96
59 93
1 27
11 23
7 45
35 2
0 36
73 80
71 0
19 48
3 18
4 98
11 16
25 26
40 25
71 0
54 59
50 87
98 80
2 99
55 84
6 83
12 24
16 1
40 97
61 76
57 35
60 31
24 41
73 88
35 48
20 58
88 84
29 56
41 3
52 59
88 84
14 18
56 55
20 70
37 39
4 47
82 93
72 76
17 97
58 89
55 48
62 81
46 82
6 97
95 71
87 2
5 7
75 34
39 87
19 11
79 53
6 79
42 78
24 13
30 0
91 87
99 80
1 46
12 98
90 46
45 5
17 76
32 3
18 92
99 32
41 39
80 27
79 29
82 56
82 88
21 3
67 68
91 14
38 47
53 76
8 25
69 73
26 64
34 48
46 24
34 52
7 75
76 55
87 11
89 91
39 4
35 85
75 46
54 53
22 72
66 59
92 49
5 7
9 68
10 89
6 55
72 93
34 33
83 96
13 66
23 8
89 58
8 75
11 58
73 43
33 0
44 62
96 23
23 76
65 3
2 47
37 44
95 3
54 38
7 90
89 77
76 79
98 95
46 94
41 49
44 96
28 80
68 48
93 84
10 44
58 29
76 35
80 78
98 82
62 52
60 97
84 89
77 7
95 58
34 53
6 71
57 38
8 33
27 62
12 79
39 49
2 48
64 9
54 23
39 21
9 24
11 86
63 30
25 98
51 65
94 1
37 43
65 57
98 83
48 27
76 10
46 39
53 89
82 64
30 34
17 72
85 16
86 60
22 93
59 35
74 81
53 47
96 37
73 44
69 90
49 8
64 67
78 29
40 85
1 28
34 30
41 21
16 47
19 82
32 75
35 78
64 20
90 42
43 52
92 47
84 50
88 83
25 65
27 16
6 53
78 30
10 89
66 83
49 56
14 58
57 24
97 63
63 90
99 68
35 97
22 1
66 92
9 30
24 9
64 30
53 25
3 75
27 66
4 91
99 37
86 65
3 68
89 55
82 89
24 85
45 36
78 32
77 41
43 9
75 78
52 87
61 17
53 38
23 22
17 42
50 84
68 87
56 85
74 97
49 18
71 36
39 4
87 64
55 17
74 48
64 11
93 12
66 99
97 14
70 66
27 79
9 16
60 78
69 30
69 32
4 90
38 22
67 71
15 81
36 33
25 99
15 4
52 3
76 38
71 6
67 56
93 47
27 55
51 20
93 5
62 96
14 12
63 62
6 68
72 68
61 50
3 92
72 34
66 18
7 12
38 99
43 53
49 30
26 88
62 80
11 92
49 94
44 43
81 41
26 72
59 78
64 75
26 22
19 30
71 72
41 47
38 40
22 88
64 98
16 55
82 81
71 57
97 26
81 67
83 46
20 58
23 52
23 64
88 25
25 56
28 45
8 63
53 26
21 62
5 47
80 93
98 81
26 34
71 28
80 96
30 32
69 50
54 96
98 55
86 92
76 52
75 65
63 82
45 39
78 67
38 37
57 47
27 85
65 34
92 77
92 59
97 35
55 27
57 43
55 21
30 72
66 52
78 95
11 61
9 71
52 40
27 0
20 49
91 58
32 21
1 32
35 76
12 64
27 63
21 53
59 38
30 53
29 92
86 44
72 4
60 17
85 69
41 19
92 71
79 3
76 32
54 29
94 77
4 27
94 67
3 37
28 92
47 89
74 62
47 22
1 74
66 86
56 62
67 1
10 41
41 50
91 39
40 79
15 74
92 5
51 10
46 78
92 22
82 94
34 33
36 14
42 82
72 13
99 12
65 21
93 57
3 2
30 8
74 19
92 5
74 9
14 62
60 88
23 39
19 22
39 65
46 87
96 27
44 30
11 67
8 1
76 11
79 6
61 57
77 15
97 62
63 23
59 47
61 32
19 40
34 22
70 24
91 35
40 24
40 67
39 76
1 51
55 29
2 83
82 50
47 0
53 64
68 56
26 14
64 39
52 95
88 39
92 67
72 68
45 4
7 56
75 96
75 97
43 73
79 69
92 77
0 3
80 44
80 16
94 79
98 83
65 95
61 23
46 15
12 42
75 59
0 29
75 9
63 57
14 39
61 57
36 40
41 95
78 0
22 94
33 30
28 12
87 79
61 55
57 25
0 15
65 56
17 76
78 48
78 21
75 0
69 43
68 21
5 84
12 89
58 97
84 63
35 63
53 86
78 55
39 12
92 97
17 5
20 77
43 75
37 87
86 68
4 81
92 56
2 69
77 63
93 80
3 70
12 36
89 2
72 44
61 72
92 33
25 28
17 60
35 61
92 34
76 23
5 56
90 33
88 79
21 74
90 87
63 47
3 31
60 53
34 11
98 44
66 84
55 86
69 78
64 54
53 44
59 52
5 21
73 27
52 82
68 77
20 43
13 35
95 92
75 97
30 45
53 74
12 94
34 0
27 69
83 33
43 99
10 4
24 53
32 82
11 2
41 61
19 50
81 1
49 15
19 28
67 27
83 47
31 94
0 44
47 60
27 36
66 10
17 55
73 66
65 66
64 33
75 70
82 68
84 65
1 87
44 35
8 10
6 65
94 19
23 18
83 75
8 30
17 89
79 65
15 40
8 88
35 65
13 81
2 78
67 74
68 70
59 68
5 0
8 59
86 57
78 63
92 41
32 10
93 22
11 13
83 43
26 9
23 94
72 23
88 2
8 10
91 77
92 68
24 42
33 25
99 12
57 65
83 52
39 99
44 30
19 66
64 6
95 28
93 83
52 12
48 62
79 8
7 12
14 6
3 23
18 60
60 81
39 25
93 26
96 36
81 71
43 61
98 71
88 73
21 48
98 41
92 89
16 39
4 15
61 14
52 17
26 50
87 60
75 92
55 52
69 32
47 94
89 73
96 91
53 59
65 86
63 29
15 35
17 47
24 85
24 34
2 56
6 57
8 60
45 78
5 30
92 50
12 75
1 64
47 13
43 57
41 6
58 38
21 28
95 38
15 73
54 66
94 7
2 12
88 76
58 11
4 25
49 9
85 93
33 76
87 39
25 85
55 46
69 50
16 64
82 75
96 70
29 73
81 20
33 52
44 59
31 26
42 25
4 18
85 38
45 80
33 34
89 62
35 24
44 8
21 86
1 46
72 23
52 37
54 67
99 71
29 78
11 37
35 70
49 57
92 76
68 30
62 44
42 32
41 91
84 67
7 99
93 5
51 75
3 39
55 11
85 6
71 80
79 0
35 96
40 43
53 28
58 3
54 98
58 97
34 29
60 58
13 91
42 84
89 15
75 95
52 38
36 79
99 89
20 9
32 83
20 59
76 25
6 68
55 87
92 85
50 68
20 47
94 1
21 65
34 90
15 35
33 8
99 62
96 72
32 82
35 85
19 24
28 53
20 68
92 69
30 16
83 5
0 24
2 15
2 24
40 54
83 34
45 58
40 78
52 53
4 64
92 65
10 21
13 2
29 20
26 81
45 23
97 58
20 0
54 80
8 45
26 4
51 19
77 2
24 22
60 94
20 83
11 16
68 9
85 56
78 51
31 45
76 19
49 93
11 93
61 99
83 13
18 53
38 66
86 19
53 75
78 76
43 98
79 78
98 81
22 81
1 65
44 68
57 3
66 79
24 74
88 47
83 93
2 40
68 70
79 9
23 45
81 17
22 25
52 30
74 85
0 30
89 87
78 57
39 25
95 10
95 54
20 19
61 94
18 95
12 22
48 35
39 40
76 99
50 77
1 87
45 18
17 83
7 97
1 72
55 16
19 82
69 31
4 78
70 98
59 30
65 23
76 18
14 33
31 85
18 10
98 5
60 21
18 64
95 4
39 75
40 45
32 6
46 95
8 81
31 23
91 18
3 54
6 96
74 79
74 48
78 81
10 81
14 57
71 33
60 99
9 48
92 30
22 82
85 49
54 84
56 36
7 82
65 30
76 13
53 35
47 20
69 25
77 21
16 84
28 97
75 98
75 0
5 96
43 99
72 9
45 89
55 11
42 55
89 43
31 33
25 27
12 9
89 43
16 82
37 87
39 29
32 10
92 5
41 62
2 95
20 89
74 91
1 22
32 20
7 60
5 68
24 97
97 81
90 55
63 21
32 7
66 91
26 83
37 55
50 10
4 35
39 75
89 85
93 11
80 56
39 98
7 1
42 54
97 94
81 84
4 60
35 12
69 25
86 27
84 33
4 92
95 45
86 0
93 16
6 28
80 43
59 54
34 44
45 55
65 63
53 42
58 92
72 85
91 25
21 34
99 52
10 34
30 63
51 34
96 60
78 4
95 58
60 73
82 26
91 41
17 52
98 30
24 45
60 68
11 92
99 45
96 54
9 66
30 84
10 30
12 26
10 83
87 64
97 7
61 45
68 25
52 62
15 5
67 11
30 78
20 34
77 36
76 34
34 17
36 37
45 13
10 46
90 81
66 18
27 53
31 55
36 47
4 40
75 48
16 73
10 12
66 26
38 86
64 34
81 98
10 94
11 43
38 67
82 17
11 61
1 27
18 37
81 21
73 37
45 18
7 77
42 60
31 72
93 99
82 15
13 63
45 59
33 53
28 42
29 68
29 73
41 51
86 9
31 8
69 92
80 0
8 38
45 70
32 13
4 83
72 13
44 5
4 33
4 69
26 27
84 49
80 66
94 70
55 74
81 54
69 16
88 22
55 40
3 16
62 87
63 61
95 49
18 30
58 81
42 93
22 24
64 94
40 76
47 39
23 35
19 16
63 15
83 86
13 14
71 25
56 39
22 51
86 61
60 16
61 14
10 67
4 30
90 84
49 9
77 72
25 39
0 12
69 72
48 96
24 69
67 6
42 68
78 89
37 84
52 48
19 50
42 53
10 35
94 69
75 48
99 97
56 54
89 26
44 9
98 15
65 87
58 10
29 25
14 34
37 81
85 84
23 87
79 4
9 5
44 48
72 35
21 32
55 0
81 14
35 69
44 0
77 83
8 20
82 2
23 53
9 12
72 76
79 53
46 26
74 85
94 23
17 75
80 59
56 68
40 81
44 52
71 22
9 53
22 38
68 95
49 11
20 36
68 42
0 43
64 36
67 5
43 2
75 91
19 14
72 48
86 5
93 4
15 49
51 80
13 68
18 64
50 18
81 20
6 65
49 51
67 34
48 37
52 27
97 34
69 21
31 35
27 99
21 42
41 86
31 86
48 98
67 74
59 10
77 4
19 30
50 81
69 24
63 65
81 15
89 31
47 35
89 57
29 91
54 64
97 29
77 80
93 30
60 49
78 72
85 72
85 22
94 82
58 47
86 13
19 79
57 97
98 28
19 26
85 4
88 38
80 95
95 9
3 46
51 81
68 16
53 81
57 46
62 53
81 84
12 99
0 36
29 71
12 44
68 86
69 51
27 52
63 98
83 29
65 14
80 51
1 90
71 42
87 29
45 3
38 73
79 19
90 62
27 60
13 65
11 94
93 49
73 39
79 54
95 21
80 0
93 83
22 49
41 66
30 11
45 37
83 15
50 0
31 39
37 25
67 55
57 60
43 21
35 6
6 64
62 28
45 60
98 61
61 44
12 54
0 89
21 44
9 87
2 13
62 43
69 10
77 65
22 94
80 17
98 23
19 49
78 82
22 23
51 50
88 46
64 3
39 55
50 66
48 98
83 43
32 16
54 64
5 94
89 34
70 43
5 1
27 66
54 24
83 39
79 35
11 57
60 0
32 84
57 42
40 52
62 76
97 35
82 5
53 7
42 61
65 47
6 53
50 41
5 57
14 8
64 6
14 17
12 40
31 29
56 45
62 23
95 90
35 92
12 25
71 59
93 97
73 19
0 72
37 73
11 54
74 75
78 77
93 77
52 89
57 59
15 87
68 96
4 12
8 38
67 99
52 75
9 16
43 85
76 45
62 25
33 26
57 19
84 81
0 36
10 88
45 94
49 1
25 96
94 38
4 13
97 24
4 95
43 97
17 84
12 25
26 41
94 50
52 84
89 16
21 78
9 41
98 61
66 54
37 49
59 72
39 90
96 8
98 78
54 79
73 28
26 93
12 38
80 42
10 28
81 99
69 8
46 40
71 77
32 73
87 51
96 63
92 74
27 64
22 54
82 54
74 38
21 97
57 79
54 18
94 49
82 42
36 58
85 5
8 88
64 75
96 67
4 52
39 77
70 88
57 23
43 98
97 43
46 71
21 75
70 58
44 74
53 66
2 99
95 74
47 97
18 89
33 56
88 28
58 98
35 26
12 60
91 99
26 85
78 87
84 28
47 62
61 54
95 69
21 95
27 28
10 25
34 80
8 96
98 70
81 57
39 57
46 3
25 15
39 12
49 17
74 11
34 82
80 85
47 45
2 51
71 89
13 9
63 23
56 17
7 86
52 72
48 1
55 3
17 0
34 40
71 4
15 42
96 18
98 34
47 93
10 50
34 42
40 96
18 8
37 49
73 95
69 29
32 64
65 2
21 94
78 38
17 64
73 45
70 43
29 71
53 89
8 77
52 45
66 55
11 40
49 97
60 39
24 77
9 67
18 49
78 29
48 75
20 48
57 1
0 92
82 56
49 30
44 88
68 93
90 26
75 45
64 9
92 42
34 8
88 24
78 30
95 55
32 75
59 57
37 97
35 4
78 44
24 65
85 64
57 72
50 1
64 51
77 99
89 62
34 19
58 85
86 67
51 43
39 7
7 91
35 56
65 81
32 35
97 61
7 55
76 19
8 83
68 18
44 95
87 37
66 38
49 87
50 33
40 44
38 52
66 79
50 64
35 98
15 65
47 12
21 55
58 90
35 84
9 54
15 67
77 28
71 32
51 40
76 59
88 51
78 52
67 96
31 52
8 78
33 88
74 9
37 26
44 21
13 28
92 68
54 13
71 48
16 2
40 79
23 37
52 88
7 67
64 2
34 4
67 85
36 43
44 12
13 71
59 44
10 16
13 25
15 50
17 97
27 84
68 84
1 54
55 63
37 96
62 79
89 5
38 47
39 86
45 34
2 95
53 65
50 41
15 30
63 21
42 36
8 84
46 92
72 60
89 48
51 49
97 45
45 43
35 24
46 78
35 69
27 54
32 56
33 88
50 88
3 59
84 27
22 21
1 75
15 85
93 1
16 5
75 63
22 85
98 21
2 88
61 48
82 80
63 32
13 78
21 25
0 21
78 21
67 23
57 19
36 55
6 38
11 7
26 58
47 22
35 34
85 51
72 99
53 59
39 8
1 41
92 39
32 85
49 78
88 8
17 3
45 41
11 55
69 83
91 42
94 55
37 15
66 87
20 31
8 45
4 22
15 52
34 68
28 59
50 16
29 75
71 18
24 59
46 85
50 69
64 24
66 24
27 87
22 88
85 55
92 20
2 73
37 30
33 43
85 93
20 97
61 55
53 26
63 96
79 45
40 90
55 64
96 60
12 66
63 80
18 56
92 39
75 88
1 33
46 53
86 77
70 34
74 21
0 15
20 94
19 29
52 64
60 35
95 38
20 18
46 58
57 45
77 8
24 89
48 17
57 14
55 59
21 50
96 15
74 42
68 24
4 60
27 61
56 82
71 78
88 25
48 46
35 61
8 45
73 52
92 56
10 88
17 61
3 56
40 4
33 18
34 77
77 6
39 72
86 65
46 98
66 67
34 29
18 44
98 65
7 53
85 70
43 21
65 48
57 43
86 82
96 53
35 39
34 75
58 14
1 51
22 28
95 7
63 35
18 51
85 89
52 93
40 56
59 93
58 42
84 44
70 72
63 2
33 80
57 72
86 23
57 16
8 9
79 20
0 54
88 73
46 69
25 8
90 75
7 35
74 20
15 93
59 84
80 27
73 53
93 94
99 10
8 67
96 28
82 18
68 26
9 98
90 79
84 44
17 39
99 88
14 43
19 63
8 14
17 70
91 1
66 15
86 71
43 18
31 37
69 58
95 80
52 72
63 36
42 28
39 70
7 74
94 47
18 68
3 83
63 96
39 54
59 77
5 35
99 60
83 4
28 3
41 87
45 82
87 56
64 51
16 96
77 53
87 46
59 67
79 11
60 29
31 77
65 86
7 45
66 16
86 54
58 92
15 0
33 79
17 20
80 55
35 86
91 28
85 38
48 63
85 95
34 9
11 25
90 14
54 63
13 41
68 86
91 23
25 92
99 17
50 59
3 84
85 26
35 86
48 52
38 79
47 85
53 28
24 52
76 69
53 76
60 68
39 2
73 72
65 10
62 81
83 88
47 88
49 20
34 67
14 86
71 53
21 48
42 37
70 75
11 56
77 34
60 94
41 11
26 12
93 2
36 49
14 89
12 65
89 23
19 37
91 25
20 74
81 11
7 67
2 15
0 51
28 79
29 13
57 7
83 40
62 14
24 89
89 32
70 57
19 24
80 17
35 20
94 29
2 13
11 43
11 86
68 55
16 65
71 0
41 74
68 34
92 29
12 74
45 42
90 45
24 86
70 55
22 89
43 64
13 55
76 74
59 9
42 2
53 54
77 47
79 41
35 98
80 85
36 16
87 37
17 9
34 37
4 51
25 90
10 54
43 1
45 15
94 71
72 96
19 16
66 94
64 32
35 61
94 7
5 8
11 36
36 44
57 3
33 64
72 0
14 44
72 84
25 8
85 91
29 10
93 35
95 34
36 49
38 40
76 35
24 57
58 73
10 59
36 3
89 65
98 74
15 27
81 0
39 89
96 51
83 34
81 83
92 95
89 6
74 30
99 62
99 79
27 39
2 95
8 11
26 92
40 32
65 18
61 7
79 21
85 86
77 21
95 51
0 34
10 3
9 40
45 13
14 48
94 32
61 19
42 89
17 93
42 21
21 32
33 36
57 40
3 59
15 77
5 4
67 51
89 49
96 82
19 50
52 14
57 74
17 49
81 22
74 94
53 9
82 65
94 29
2 47
25 78
34 16
46 10
99 8
23 28
17 82
0 38
5 1
3 61
64 66
14 11
59 20
7 63
7 99
85 34
13 93
18 81
19 26
55 2
80 29
62 48
28 75
43 42
46 18
58 99
9 58
99 61
82 16
38 42
29 24
66 30
32 50
65 89
31 28
40 2
82 46
39 83
94 15
92 45
95 39
72 5
14 90
81 65
95 35
8 88
93 80
35 93
96 46
36 67
4 69
49 62
25 66
98 28
5 29
31 52
58 89
45 92
50 31
95 50
72 77
60 66
45 99
94 58
27 44
65 15
97 93
94 30
25 49
72 54
22 50
97 5
49 18
14 39
54 69
65 39
70 52
49 25
81 14
80 72
12 50
6 1
42 52
19 29
53 70
36 68
73 87
24 72
20 38
64 88
49 70
99 95
57 95
2 33
49 60
73 47
32 22
35 49
68 34
44 17
49 46
6 76
7 26
91 2
7 55
81 92
55 73
84 14
99 77
7 85
80 85
61 10
9 13
70 85
14 77
20 14
42 43
39 85
11 64
89 85
84 43
33 9
93 91
10 11
27 77
66 23
9 67
23 92
36 57
7 96
74 3
99 94
92 11
97 13
50 91
91 73
45 22
52 43
46 31
94 57
36 94
1 79
23 84
28 89
3 5
89 35
3 78
6 31
95 42
98 17
19 45
51 87
89 33
92 64
84 32
71 74
66 61
75 61
44 97
6 10
52 64
91 25
4 19
32 20
37 75
22 19
69 71
61 83
44 39
88 98
51 48
28 27
54 91
12 36
19 10
61 99
1 15
70 75
87 60
28 3
77 48
76 48
92 37
40 69
94 42
13 35
51 13
49 26
51 26
5 75
11 45
26 58
85 69
45 28
27 26
35 99
51 68
78 23
70 68
22 17
1 69
5 62
14 12
58 85
45 25
54 32
34 2
50 43
25 13
65 29
41 15
20 31
56 51
6 70
34 60
14 55
13 56
8 28
92 30
74 89
73 80
58 27
78 19
9 54
48 23
4 9
30 57
95 44
99 95
98 16
95 22
50 47
80 63
8 43
13 58
3 33
15 51
75 48
37 48
34 60
4 75
57 59
31 0
47 63
39 20
21 85
3 23
5 10
61 78
93 54
23 72
41 78
71 75
29 36
63 27
84 6
15 30
30 73
45 17
5 8
99 76
43 95
18 88
11 23
56 89
46 43
69 99
97 44
90 3
3 81
81 61
20 38
58 73
69 78
85 24
76 36
74 10
24 48
38 8
83 64
97 70
34 9
25 82
14 75
64 11
50 44
91 97
19 85
79 57
28 88
15 83
80 32
0 10
41 3
99 0
47 66
18 92
38 97
42 58
8 17
18 58
45 49
71 77
62 91
45 79
48 90
56 94
40 52
30 31
51 89
39 52
46 70
15 18
52 39
49 23
28 38
65 74
33 93
20 18
71 38
44 92
12 34
94 52
43 13
91 83
14 70
22 29
64 38
72 4
73 77
15 1
37 72
46 97
64 38
43 9
44 55
53 17
85 41
7 71
30 64
68 28
97 99
92 86
45 99
4 73
32 2
98 69
42 98
21 39
64 48
6 21
2 76
84 38
84 45
97 63
73 12
17 69
55 37
12 98
97 79
51 73
0 30
42 95
68 39
10 19
22 71
35 13
83 34
28 29
57 30
88 83
87 99
44 94
36 76
12 35
94 37
18 89
17 31
43 57
22 64
15 49
31 52
6 32
6 86
81 84
31 85
42 32
63 18
46 81
48 54
99 54
80 52
79 3
98 63
48 32
15 35
3 35
96 98
23 75
18 35
99 94
62 39
65 12
85 19
62 17
18 35
69 49
34 65
75 86
43 72
63 73
30 58
57 41
92 55
21 94
66 36
69 56
7 83
24 39
53 98
58 55
32 22
51 64
9 56
42 62
39 74
23 99
96 27
55 63
63 45
73 9
92 30
67 51
71 62
79 97
53 34
30 25
76 40
71 54
69 83
55 37
28 37
66 18
47 75
79 28
78 76
87 82
40 33
96 63
12 57
5 50
39 38
38 86
90 13
93 49
43 82
19 13
42 64
42 62
13 17
39 90
26 42
85 15
73 27
67 25
25 53
96 71
99 30
99 34
34 85
73 21
36 19
7 57
88 4
51 78
22 65
0 80
62 86
21 71
47 44
71 70
13 4
17 89
43 11
13 9
89 72
44 35
57 78
92 47
22 79
57 43
8 67
15 98
21 87
37 65
22 67
16 30
49 89
19 12
2 92
80 16
91 51
19 76
71 32
1 99
43 16
89 52
96 4
6 84
73 62
41 27
85 28
79 44
59 16
12 49
16 88
89 17
98 5
49 82
56 59
0 55
10 19
4 71
79 58
50 19
76 31
24 97
36 1
43 48
65 83
78 69
55 54
97 2
0 57
62 92
96 67
75 53
9 20
12 86
5 61
76 54
32 68
84 94
83 76
41 32
60 63
63 77
39 52
26 89
83 93
60 97
52 31
59 49
73 90
25 13
20 79
98 54
71 30
3 24
41 97
32 94
3 99
38 78
89 10
38 54
98 14
92 77
24 35
62 77
57 87
26 0
71 1
51 11
0 42
95 25
37 53
68 4
53 88
82 77
28 26
29 8
23 76
90 67
88 10
25 66
89 73
23 69
77 8
7 21
82 36
23 79
89 69
49 21
34 16
49 70
44 64
79 86
71 10
20 86
93 33
18 60
1 35
27 54
93 28
28 51
74 62
77 68
58 39
39 8
80 42
53 27
16 41
10 92
96 57
36 71
93 14
97 35
15 29
54 75
72 81
29 46
48 17
45 73
95 87
45 12
99 97
45 51
35 46
25 38
63 49
13 25
35 91
87 93
82 30
21 1
11 7
36 54
14 94
5 13
9 39
21 61
73 57
71 23
62 50
59 39
13 33
37 21
83 38
48 88
4 82
59 56
92 27
73 61
18 58
77 34
1 25
68 47
80 78
99 51
88 91
86 4
53 22
44 10
95 53
78 57
23 50
81 51
14 22
72 75
61 39
22 5
37 68
61 43
91 4
72 65
71 55
92 56
91 45
79 77
37 39
75 97
79 65
55 13
28 52
38 62
59 77
37 1
18 2
50 97
98 82
31 38
33 35
95 76
36 72
57 61
8 27
77 83
68 96
32 24
19 99
4 7
29 19
5 36
43 18
20 54
39 18
8 6
17 0
90 71
50 92
94 53
86 74
28 77
50 69
17 10
17 91
54 42
62 53
98 59
23 92
83 13
52 19
2 78
80 12
11 42
71 23
65 81
59 97
73 42
51 80
11 80
62 40
47 41
39 9
50 60
87 52
96 28
22 77
59 11
49 81
28 44
42 55
94 64
55 98
4 95
72 12
56 63
35 87
76 80
39 14
47 54
13 70
83 26
52 33
38 16
50 66
63 92
89 57
26 50
62 15
63 95
48 34
82 10
99 79
85 3
16 9
39 60
38 76
27 0
10 84
78 69
35 83
4 11
86 26
48 40
97 65
49 53
17 11
70 20
33 73
60 57
94 90
62 14
45 59
94 16
11 6
76 96
58 67
99 76
11 37
12 4
71 66
65 71
77 17
46 45
60 86
71 66
87 69
92 85
6 36
59 39
81 59
97 31
51 95
49 12
42 78
2 45
96 87
76 21
69 81
68 45
47 34
58 49
27 83
8 29
57 4
53 32
33 6
49 67
46 24
41 55
4 62
0 96
88 0
28 42
52 34
67 90
40 14
46 29
1 25
1 64
35 88
5 25
71 41
81 72
90 96
85 1
20 90
70 86
11 78
5 17
22 10
69 53
65 8
48 38
77 32
1 51
47 28
91 60
96 59
85 33
12 49
64 75
58 95
58 61
92 7
99 0
42 80
4 95
82 5
96 24
57 23
23 6
17 68
2 99
27 70
61 50
81 31
19 66
93 51
90 78
85 44
32 66
32 37
2 48
99 19
95 82
34 1
36 35
47 41
55 43
79 11
94 67
22 81
93 44
61 8
57 33
95 77
75 60
43 96
99 6
3 58
65 72
50 33
96 5
75 74
30 66
39 0
20 59
96 77
57 98
99 61
72 13
47 67
47 19
71 36
67 43
55 77
1 59
99 57
44 35
30 89
79 98
49 86
79 75
13 70
54 51
10 22
78 41
29 47
43 86
91 7
74 46
53 44
74 76
96 35
3 29
80 7
87 44
84 6
49 22
2 83
37 81
40 64
47 53
0 2
5 72
42 53
21 55
22 40
40 16
43 10
83 53
2 65
49 82
81 70
45 29
51 78
22 97
82 54
5 82
13 28
41 62
45 73
2 8
97 51
84 81
0 64
41 9
71 13
70 59
7 2
44 94
49 50
66 95
83 27
16 84
11 53
54 13
56 81
83 43
44 73
38 32
23 60
43 68
59 86
1 83
38 18
83 32
93 15
58 41
29 51
26 18
63 65
0 74
81 87
54 23
70 51
56 16
43 61
4 79
96 39
70 14
69 65
15 52
32 71
46 75
76 93
7 44
3 46
20 6
84 9
94 52
63 66
25 19
95 21
36 39
40 77
13 58
30 63
55 4
58 81
73 92
49 20
23 44
6 0
23 28
61 79
68 88
0 73
24 39
90 74
78 32
88 23
68 37
56 3
30 83
94 21
19 78
65 42
35 4
4 29
44 78
81 95
3 57
29 56
31 9
83 7
29 75
36 50
78 80
74 75
81 67
36 46
97 46
32 19
97 94
39 69
28 12
40 81
17 86
60 20
4 86
64 93
50 3
24 6
16 60
36 72
28 17
78 98
19 97
70 89
49 56
33 26
85 12
92 24
90 98
68 87
35 0
4 27
14 78
92 44
10 8
9 54
66 18
96 11
57 62
47 1
88 98
37 69
19 11
82 27
33 62
8 65
62 48
70 17
82 80
68 54
70 39
79 86
78 84
84 96
52 12
29 96
74 69
99 7
20 68
79 34
36 81
92 53
54 39
40 67
86 35
63 96
12 91
95 6
28 71
71 60
33 85
29 59
91 71
39 16
42 74
32 56
7 89
43 88
19 59
28 21
64 30
44 39
46 2
86 61
23 99
84 3
82 7
25 95
95 74
35 73
20 16
29 91
85 49
74 22
45 3
51 91
7 23
49 20
78 29
30 15
25 59
0 78
85 2
48 4
94 44
73 36
6 33
35 27
26 92
67 25
33 63
5 98
52 88
45 44
68 50
58 71
33 49
10 69
1 75
8 66
85 46
38 82
80 54
76 8
80 44
74 54
93 4
17 39
75 79
28 34
47 71
7 28
91 32
66 57
88 53
17 13
81 10
59 53
70 18
80 32
3 37
99 19
97 20
29 73
22 5
19 59
75 55
72 35
89 3
59 75
11 62
93 75
54 11
95 35
55 40
71 50
14 28
5 98
75 44
98 58
41 86
27 56
68 18
64 52
81 29
10 12
59 20
67 85
31 33
47 33
27 62
37 64
61 84
13 51
73 56
51 78
57 5
49 60
98 30
56 25
96 69
75 89
59 22
12 76
17 98
99 65
31 41
3 53
13 10
11 38
50 48
58 92
3 45
74 56
18 40
8 94
61 2
99 97
57 93
92 30
91 53
44 67
50 55
23 5
45 94
17 52
61 46
81 22
21 66
7 9
32 40
96 55
34 13
18 71
47 78
66 13
48 26
36 16
45 31
51 11
64 66
16 89
3 76
30 68
34 11
83 0
36 29
41 63
58 22
51 86
51 60
71 49
4 15
59 45
20 74
76 89
73 79
31 79
25 74
93 48
19 88
98 49
41 33
56 79
93 80
44 68
42 24
26 16
48 13
15 99
53 78
48 91
97 41
99 20
44 42
53 55
3 14
40 92
92 84
2 3
57 80
4 82
66 8
93 84
65 70
59 54
99 96
89 36
23 40
24 26
45 17
58 56
28 74
13 37
34 31
18 11
57 95
16 44
38 94
52 46
19 89
84 66
54 84
16 28
79 39
32 67
23 43
36 91
28 29
52 75
90 34
44 26
31 61
76 89
15 11
65 18
63 30
97 13
14 93
9 15
31 19
96 49
19 18
75 28
67 15
10 49
55 30
25 99
0 42
89 17
39 97
69 96
80 59
92 46
83 0
14 47
70 4
36 44
17 31
28 13
0 14
76 2
19 17
33 80
13 5
33 57
64 56
42 52
13 81
19 22
41 8
79 63
96 78
35 96
70 82
0 18
86 72
92 74
19 69
31 61
90 93
53 55
28 82
40 67
4 26
86 5
82 33
13 22
27 2
75 19
82 15
96 61
38 27
35 94
4 90
80 25
86 97
23 0
21 46
38 13
62 71
29 24
54 40
21 18
64 97
73 44
47 38
38 74
18 47
69 13
66 41
41 93
7 53
53 0
28 97
66 85
3 47
69 99
12 86
31 12
77 2
52 42
44 45
72 10
98 44
87 69
8 18
15 2
53 79
11 85
30 4
4 48
58 53
22 36
65 50
84 66
55 22
16 18
97 85
79 9
69 2
24 57
73 40
41 70
0 94
7 37
53 30
40 57
27 14
56 76
72 12
53 13
13 5
9 39
26 4
84 87
69 65
84 62
85 2
80 98
91 57
80 65
59 37
80 10
60 50
0 98
1 74
27 81
21 0
57 72
87 92
30 15
67 38
33 54
27 18
98 77
77 2
74 52
13 41
83 56
23 53
45 42
7 34
20 76
21 96
8 23
52 56
61 80
38 43
9 16
97 72
62 7
3 7
49 81
94 1
36 33
96 81
20 81
37 89
5 90
45 73
72 39
83 22
47 53
57 16
53 49
36 44
28 89
5 94
6 26
52 15
12 79
32 63
72 11
58 9
8 81
22 66
19 46
62 52
73 5
0 60
17 39
28 3
23 1
94 75
16 66
84 29
75 30
0 51
23 43
16 12
8 52
91 82
18 11
37 68
88 26
56 46
82 62
35 10
79 70
38 18
97 65
55 0
15 14
28 75
95 76
70 12
71 54
37 72
79 62
50 23
61 62
92 44
27 64
78 65
44 71
76 63
20 98
95 86
64 12
84 93
52 15
19 54
98 29
70 86
85 40
65 26
38 87
53 14
95 49
18 53
72 39
27 36
4 15
69 6
36 66
19 68
68 86
73 97
65 45
81 28
40 73
55 62
70 62
41 30
75 96
12 9
56 10
48 96
6 94
10 78
96 77
95 59
64 11
26 77
3 36
30 99
51 75
27 48
57 71
85 29
5 95
15 96
72 98
38 73
68 32
17 81
96 97
45 49
13 99
38 4
82 5
35 38
21 29
11 61
82 38
93 31
10 83
80 97
6 25
89 14
74 0
68 67
31 29
11 83
82 37
90 15
26 14
72 94
89 60
83 19
29 2
17 15
68 63
2 60
39 92
82 34
60 18
88 14
46 67
57 94
75 62
58 90
16 54
65 90
40 85
24 67
54 79
33 2
11 10
15 1
7 8
99 93
57 14
45 90
35 38
5 40
72 74
41 98
88 19
89 26
90 7
57 3
19 36
33 47
98 77
9 0
1 89
39 69
39 44
41 7
64 68
2 35
22 85
53 61
23 77
23 60
93 9
60 92
77 49
56 14
50 79
96 98
53 1
29 6
92 41
20 17
25 86
83 99
12 31
13 55
12 68
9 54
80 71
4 50
33 32
74 81
90 25
96 44
45 69
44 55
37 49
92 77
35 1
79 86
12 14
66 3
46 15
37 76
8 20
89 17
33 80
66 43
40 72
22 92
40 37
72 13
92 88
11 10
26 24
37 24
52 65
95 99
62 17
49 14
85 78
47 71
27 75
95 18
11 74
93 72
67 2
30 39
12 25
28 85
80 88
33 66
12 24
99 42
96 71
3 67
37 94
61 82
29 56
42 74
97 40
43 81
97 49
66 93
92 41
24 62
47 59
52 69
7 8
76 68
10 28
82 84
50 31
66 96
31 27
89 26
51 98
6 19
22 29
53 75
19 58
16 59
66 10
84 23
84 26
74 10
40 64
11 62
54 39
12 57
16 66
2 59
37 69
46 24
96 87
10 57
89 64
9 66
94 15
46 88
25 33
70 4
4 3
49 55
8 54
23 45
13 71
96 87
49 90
51 6
95 33
31 53
21 48
82 49
3 20
26 7
84 86
77 86
46 58
25 9
9 81
85 16
14 80
13 92
78 87
53 57
79 15
2 76
87 94
73 46
14 91
67 66
37 16
14 8
61 17
55 91
39 32
67 69
44 50
55 38
4 75
27 45
1 92
50 1
99 98
72 51
75 25
85 72
59 42
96 80
42 26
90 46
41 6
89 74
74 46
15 57
39 89
22 0
59 25
49 17
67 95
99 18
93 40
43 31
22 89
69 5
59 92
55 60
17 44
65 34
14 53
90 35
72 30
48 4
32 90
39 87
87 5
55 46
52 10
55 89
4 56
31 12
13 36
21 29
36 32
74 96
19 70
13 4
48 95
24 86
71 19
82 66
64 45
82 44
91 78
79 41
19 20
13 48
13 44
62 74
78 86
4 83
54 94
63 16
12 82
8 96
14 40
72 0
97 30
37 61
6 22
62 50
50 78
22 97
94 16
81 55
10 58
19 74
70 58
4 44
25 94
36 5
40 94
53 7
14 95
23 16
65 51
43 38
27 10
33 88
10 55
51 25
16 32
6 87
66 7
21 38
0 36
41 94
38 89
56 0
45 11
71 47
55 0
62 24
32 87
12 14
98 70
83 32
71 66
98 47
87 42
15 62
81 4
41 92
78 3
84 34
33 23
39 41
32 94
9 68
20 94
95 0
53 85
77 0
52 7
46 41
47 88
19 95
3 86
73 97
7 37
34 20
71 37
6 52
27 7
31 64
64 45
44 52
67 48
80 18
11 56
56 44
99 1
82 47
7 26
84 72
38 53
98 99
56 1
3 33
29 55
82 25
95 61
42 73
73 95
41 19
31 3
45 31
29 55
52 28
9 82
82 12
78 11
31 28
94 20
90 93
81 34
43 16
60 86
17 38
26 21
19 51
22 10
90 58
93 71
61 7
85 47
61 46
71 27
60 66
61 22
19 35
32 33
26 15
99 28
27 93
24 66
43 51
3 2
61 19
54 93
4 92
98 44
92 33
32 87
98 16
46 74
49 64
57 35
59 67
1 45
88 86
53 65
69 80
87 47
98 71
18 13
66 57
34 36
15 78
77 82
36 81
80 3
7 71
75 64
3 11
29 69
40 44
88 84
81 61
94 74
81 20
6 75
5 56
40 2
19 12
9 41
16 89
6 32
89 2
4 65
10 13
3 53
97 62
57 21
79 32
81 10
82 68
9 37
70 72
68 28
84 16
29 81
19 98
52 88
63 45
82 78
11 83
22 93
64 54
95 24
43 89
14 62
91 69
12 14
69 11
74 55
34 2
67 27
0 74
11 72
28 26
93 77
83 8
35 16
71 74
88 37
80 37
68 46
59 5
6 65
79 36
83 85
54 24
39 28
84 13
30 40
60 96
67 99
45 38
50 5
64 24
99 98
36 84
30 18
92 13
72 2
94 37
84 12
13 55
11 61
69 91
92 11
78 62
46 62
96 14
41 29
82 83
32 19
5 27
46 29
38 12
64 29
79 47
32 99
20 38
22 18
0 81
14 82
45 46
16 48
28 30
35 68
86 41
26 56
89 82
27 98
38 87
95 28
8 79
74 54
27 28
42 81
70 31
8 35
3 18
56 15
52 48
7 99
44 33
74 12
50 41
7 91
36 83
82 91
74 14
54 40
64 37
75 21
38 6
61 6
0 53
55 34
32 30
8 41
78 16
94 48
32 63
29 15
18 85
31 97
76 7
81 0
38 58
61 34
34 39
84 5
72 42
59 75
0 65
64 36
50 33
56 97
47 31
97 3
86 30
3 15
77 86
40 48
15 74
32 62
81 12
72 80
39 25
36 86
19 2
36 29
24 25
42 5
6 0
79 58
35 15
27 72
18 60
21 35
83 63
16 71
47 52
69 64
25 72
81 97
85 9
77 20
88 15
48 2
30 10
16 56
80 77
80 30
21 26
58 86
91 38
26 70
22 75
55 63
4 30
16 70
68 32
87 25
66 90
82 5
87 33
18 22
24 7
3 98
81 24
99 89
17 62
15 88
71 47
99 27
3 41
46 85
40 72
50 94
28 0
98 17
43 67
23 9
32 63
91 71
70 31
20 95
96 20
48 83
74 36
70 10
65 81
30 97
31 5
55 32
15 12
3 65
89 25
71 50
6 63
59 75
54 96
90 1
39 72
85 95
36 56
42 89
97 26
51 43
88 8
47 72
65 19
87 4
27 88
63 25
4 70
18 17
11 8
22 63
41 79
36 89
25 52
84 85
1 11
0 66
93 82
30 25
11 47
80 92
95 19
79 65
93 88
66 33
21 24
43 73
97 14
29 77
49 90
53 94
7 53
15 8
19 33
87 37
84 91
59 6
89 58
85 96
25 59
31 99
10 78
75 8
9 59
1 2
37 27
66 91
51 23
69 1
70 56
4 15
68 96
15 2
77 72
37 59
55 50
88 67
73 5
81 60
47 21
33 29
35 19
49 89
69 16
88 37
2 57
94 5
22 41
94 99
55 32
59 61
14 99
13 85
54 81
26 29
81 84
60 0
70 3
77 6
7 9
1 53
37 4
83 35
77 75
15 40
18 53
52 0
66 32
30 92
91 48
73 83
33 1
29 2
54 65
41 3
37 16
32 69
13 64
65 75
6 71
77 32
26 30
82 96
63 17
32 62
52 13
77 10
1 76
51 39
8 84
80 86
31 68
83 52
6 0
13 5
98 81
69 96
13 82
76 82
11 35
94 55
15 8
32 59
38 95
83 43
67 69
14 34
53 27
88 36
87 26
27 50
94 10
30 58
80 2
90 20
4 65
84 40
62 45
40 90
56 25
56 1
44 59
38 6
24 48
90 91
82 6
44 46
44 66
20 53
96 79
41 28
83 71
42 19
72 36
28 58
44 13
60 12
62 63
15 26
93 18
26 56
44 73
11 34
89 95
59 22
71 52
17 80
99 58
55 92
46 80
72 32
71 82
61 41
18 27
75 35
71 68
32 9
9 4
20 6
48 9
38 41
41 31
79 11
34 60
55 66
21 99
41 51
67 93
95 67
49 99
93 64
28 87
38 95
47 14
27 29
41 43
34 92
3 39
54 18
94 48
64 14
16 14
18 57
47 61
64 52
36 79
75 53
24 31
57 65
33 50
5 74
29 19
69 97
11 35
44 9
37 79
62 32
33 6
15 37
93 39
63 43
98 86
96 42
56 0
63 60
14 54
53 78
26 32
77 30
12 80
41 83
49 41
4 63
4 9
35 0
15 86
43 62
26 62
6 80
65 66
31 97
24 80
61 37
13 58
78 84
67 21
71 88
94 84
22 84
77 82
42 41
8 72
47 54
94 18
61 14
86 37
50 91
37 11
7 16
4 44
85 62
77 17
70 10
71 4
41 16
60 75
57 83
5 29
41 43
53 80
42 41
42 70
82 91
10 23
71 60
9 49
86 23
49 52
6 91
80 91
44 77
8 45
65 5
18 95
20 65
33 69
7 1
22 62
5 92
55 54
98 33
9 38
17 5
52 82
17 37
91 79
68 66
68 77
12 53
90 7
61 37
33 41
62 27
80 66
59 61
29 97
11 23
91 12
25 26
27 83
80 27
67 22
84 48
57 39
59 35
33 3
82 31
84 89
97 13
53 15
89 11
45 52
26 12
1 6
62 22
74 14
89 33
67 68
15 45
65 74
5 15
33 71
31 59
70 61
46 2
30 39
10 24
27 90
18 53
75 12
83 1
97 44
34 14
48 49
69 90
38 64
19 28
18 26
44 73
40 80
48 35
47 16
58 94
74 59
9 31
58 62
45 29
12 88
53 98
55 34
17 2
8 79
